0.284153
0.25969
0.251781
0.259947
0.268006
0.269056
0.27242
0.274633
0.275158
0.279397
0.277406
0.278322
0.276947
0.279704
0.279028
0.27985
0.281071
0.281238
0.280775
0.282598
0.281688
0.281466
0.285694
0.292536
0.298761
0.301002
0.298385
0.2973
0.298262
0.297644
0.297243
0.296406
0.29517
0.294379
0.293991
0.293362
0.293686
0.292874
0.293877
0.293414
0.292919
0.292002
0.290201
0.288994
0.287902
0.286957
0.286306
0.285598
0.285044
0.284762
0.285597
0.285865
0.285236
0.285134
0.285212
0.285607
0.287717
0.289496
0.290881
0.292723
0.292678
0.292396
0.29253
0.292563
0.292688
0.292389
0.29196
0.291505
0.291407
0.291207
0.290535
0.290305
0.290286
0.289462
0.288563
0.288453
0.288228
0.288242
0.288794
0.289398
0.288226
0.287708
0.287436
0.287373
0.287045
0.286918
0.286194
0.28624
0.286353
0.286427
0.285815
0.285839
0.286217
0.28569
0.285415
0.28539
0.285497
0.285336
0.285187
0.285614
0.285751
0.285768
0.285607
0.28526
0.285544
0.285987
0.28556
0.285812
0.285853
0.285664
0.285442
0.285261
0.28492
0.285152
