0.0744681
0.054902
0.0642857
0.0647359
0.0675497
0.0672547
0.0704225
0.0731113
0.0705036
0.0698577
0.0711346
0.0701944
0.0706819
0.0712633
0.0734024
0.0758731
0.0775602
0.0777975
0.0786479
0.077512
0.0776463
0.0793513
0.0808333
0.0811955
0.0806493
0.0809559
0.0827846
0.0821267
0.0827511
0.0830348
0.0841655
0.0835139
0.0835724
0.0835031
0.0829427
0.0832895
0.0835602
0.0830026
0.0834407
0.0830842
0.0830253
0.083534
0.0842631
0.083525
0.0831809
0.0834021
0.083771
0.0836743
0.0842472
0.0853705
0.0855688
0.0852411
0.0853761
0.0853387
0.0855036
0.0848704
0.0848194
0.0841009
0.0845192
0.0838723
0.0840371
0.0837348
0.0838801
0.0832672
0.0831377
0.0831804
0.0834129
0.0840779
0.0841304
0.0840428
0.0842742
0.083926
0.0836465
0.083743
0.0837518
0.08404
0.0842385
0.0844586
0.0839325
0.0836793
0.0834976
0.0829637
0.0830583
0.0824875
0.082411
0.0822009
0.082377
0.0824533
0.0822975
0.0823496
0.0823957
0.0827353
0.0824003
0.0828043
0.0826645
0.0827769
0.0828639
0.0829016
0.082634
0.0823939
0.0822674
0.0823712
0.0822929
0.0819273
0.081986
0.0820231
0.0815928
0.0815896
0.0814217
0.0810982
0.0810256
0.0812705
0.0809025
0.080715
