0.203704
0.218072
0.230022
0.235794
0.239384
0.23297
0.230791
0.231117
0.23683
0.242998
0.245726
0.249919
0.251415
0.253962
0.258143
0.26122
0.261953
0.263355
0.268966
0.2723
0.275997
0.279373
0.280912
0.274497
0.267559
0.264233
0.265397
0.267111
0.263141
0.261204
0.260084
0.257087
0.254593
0.25339
0.25261
0.250225
0.248957
0.247339
0.247126
0.248485
0.249186
0.250578
0.25144
0.251624
0.252547
0.253741
0.254545
0.255901
0.257949
0.259114
0.26041
0.262317
0.263546
0.264295
0.265366
0.265317
0.262776
0.260177
0.258081
0.25575
0.255053
0.254564
0.253366
0.253126
0.252073
0.250937
0.250369
0.250154
0.248665
0.247782
0.246316
0.245345
0.244624
0.243465
0.24242
0.241203
0.240415
0.238899
0.237329
0.235459
0.236334
0.237249
0.23785
0.238483
0.239381
0.240019
0.241009
0.241239
0.2404
0.240263
0.240512
0.240543
0.24015
0.239982
0.240141
0.239786
0.239779
0.239923
0.240373
0.240109
0.239887
0.240415
0.241387
0.242032
0.242842
0.242678
0.242884
0.243257
0.243275
0.243361
0.243275
0.243674
0.243932
0.243274
