0.798151
0.664409
0.542126
0.456054
0.405706
0.37425
0.355317
0.335704
0.316246
0.302893
0.297621
0.293964
0.290895
0.289033
0.28474
0.280607
0.280488
0.278955
0.279382
0.27796
0.276761
0.276518
0.275843
0.276257
0.276432
0.275924
0.277175
0.277904
0.276658
0.276361
0.276268
0.275862
0.275681
0.276076
0.277648
0.27884
0.279059
0.279562
0.280316
0.280616
0.281045
0.281127
0.282256
0.282918
0.28363
0.283507
0.284078
0.284368
0.284769
0.285625
0.285568
0.286296
0.286549
0.286842
0.287965
0.288206
0.288679
0.289871
0.290356
0.290622
0.290947
0.291119
0.291265
0.292135
0.292117
0.292679
0.292462
0.292567
0.29228
0.291639
0.291837
0.291662
0.291602
0.291151
0.291293
0.291514
0.291261
0.291738
0.292018
0.29247
0.293037
0.293594
0.294521
0.294768
0.29496
0.295291
0.29671
0.297295
0.297728
0.298723
0.29933
0.300172
0.300993
0.30118
0.301756
0.301829
0.302441
0.303031
0.303009
0.303185
0.303578
0.303953
0.304739
0.304948
0.305593
0.306037
0.306471
0.307005
0.307258
0.307972
0.308831
0.309142
0.30971
0.309909
0.310348
0.310706
0.311001
0.311445
0.311542
0.312163
0.312606
0.313041
0.313298
0.313838
0.314237
0.314711
0.315234
0.315865
0.316159
0.316815
0.317246
0.317473
0.317933
0.318469
0.318759
0.319394
0.319871
0.320096
0.320535
0.320517
0.320914
0.321548
0.321694
0.322143
0.322822
0.323171
0.323669
0.324134
0.324473
0.324938
0.325271
0.325734
0.326363
0.326826
0.327088
0.327388
0.327599
0.328148
0.328316
0.328445
0.328894
0.329131
0.329469
0.329927
0.330321
0.330587
0.330879
0.331021
0.331377
0.331723
0.331899
0.332377
0.332809
0.333118
0.333305
0.333608
0.334041
0.334309
0.334729
0.33493
0.335375
0.335819
0.336239
0.336616
0.336824
0.336865
0.337017
0.337284
0.337564
0.337752
0.338005
0.338103
0.338189
0.33832
0.338545
0.338953
0.339324
0.339756
0.339838
0.34014
0.340583
0.34086
0.341176
0.341338
0.341475
0.341571
0.341958
0.342362
0.342555
0.342924
0.343126
0.34356
0.343804
0.344054
0.344345
0.344605
0.344779
0.345034
0.345346
0.345579
0.345847
0.346047
0.346302
0.346662
0.346812
0.347019
0.347172
0.347404
0.347427
0.347764
0.348069
0.348349
0.348466
0.348845
0.348964
0.349186
0.349313
0.349477
0.349641
0.349813
0.350147
0.350317
0.350563
0.350648
0.350897
0.351059
0.351357
0.351546
0.351745
0.352185
0.352491
0.352722
0.352794
0.352978
0.352995
0.353282
0.353393
0.353672
0.354023
0.354213
0.354442
0.354548
0.354743
0.355041
0.355291
0.355616
0.355912
0.356319
0.356554
0.356434
0.356545
0.356696
0.356454
0.356206
0.355889
0.355684
0.355417
0.355136
0.355056
0.354599
0.354435
0.354108
0.353847
0.353655
0.353318
0.352969
0.352615
0.352241
0.352132
0.351761
0.351482
0.35125
0.351211
0.351096
0.350843
0.350578
0.350331
0.350114
0.349831
0.349421
0.349179
0.348873
0.348438
0.348026
0.347767
0.347396
0.347067
0.346787
0.346439
0.346236
0.345925
0.345806
0.345601
0.345267
0.344977
0.344669
0.344352
0.344052
0.343729
0.34357
0.343246
0.343155
0.34286
0.342632
0.342439
0.342183
0.341854
0.341762
0.341572
0.341242
0.341005
0.340779
0.340487
0.340405
0.340259
0.340023
0.339881
0.339702
0.339504
0.339218
0.338927
0.338741
0.33859
0.338461
0.33846
0.338372
0.338221
0.337929
0.337947
0.337955
0.33774
0.337421
0.337254
0.336993
0.336978
0.336983
0.336858
0.336616
0.336297
0.336001
0.335796
0.335603
0.335502
0.335185
0.335058
0.335062
0.334941
0.334648
0.33436
0.3341
0.333925
0.33377
0.333607
0.333464
0.333219
0.332942
0.332748
0.332517
0.332255
0.332005
0.331756
0.331516
0.331344
0.331022
0.3309
0.330747
0.330647
0.330514
0.330392
0.330163
0.329893
0.329617
0.329376
0.329247
0.329078
0.328942
0.328888
0.328708
0.328607
0.328598
0.328517
