0.524217
0.318927
0.222664
0.171238
0.140719
0.1245
0.111301
0.102033
0.0953172
0.0897741
0.0881356
0.0859544
0.0840271
0.0835411
0.081172
0.0800836
0.0801612
0.0784483
0.0767794
0.0765203
0.0752877
0.0750905
0.0747594
0.0746537
0.0752274
0.0755873
0.0756094
0.0754808
0.0757242
0.075431
0.076069
0.0755132
0.0752333
0.0742352
0.0747497
0.0761074
0.0754965
0.0756009
0.0761832
0.0767895
0.0768856
0.0769139
0.076869
0.0774186
0.0776524
0.0775795
0.0776931
0.0776647
0.0782241
0.0786004
0.0789716
0.0785837
0.0788925
0.0794566
0.0791402
0.079867
0.0798543
0.0807328
0.0803815
0.0808171
0.0809402
0.081371
0.0816625
0.0829442
0.0835846
0.083637
0.0840969
0.0844172
0.0848944
0.0851937
0.0854648
0.0862639
0.0868543
0.0874026
0.0880871
0.0886902
0.0892236
0.0894315
0.0900984
0.0906741
0.0911543
0.0916553
0.0914626
0.091954
0.0917807
0.0917593
0.0917158
0.0915452
0.092163
0.0926894
0.0934504
0.093432
0.0938569
0.0937443
0.0944131
0.0946774
0.0948591
0.0953826
0.0959806
0.0970657
0.0970593
0.0971685
0.0972191
0.0978015
0.0978486
0.0981602
0.0989636
0.0990041
0.0992713
0.0993353
0.0994906
0.0999381
0.100061
0.100162
0.100623
0.100778
0.101436
0.101572
0.101837
0.102181
0.102601
0.102592
0.102493
0.102634
0.103008
0.103467
0.103854
0.104001
0.104427
0.104783
0.105017
0.105501
0.105846
0.105975
0.106416
0.106863
0.107057
0.107591
0.107813
0.108098
0.108152
0.10843
0.108668
0.109243
0.10935
0.109495
0.110063
0.110175
0.110419
0.110506
0.110824
0.111163
0.111201
0.111539
0.111851
0.111973
0.11227
0.112648
0.113357
0.113481
0.114123
0.114335
0.114513
0.114923
0.114991
0.115538
0.115895
0.116633
0.116994
0.117376
0.117614
0.117715
0.118038
0.118431
0.118514
0.118813
0.11886
0.118937
0.119027
0.1193
0.119681
0.12004
0.120225
0.120553
0.120721
0.120973
0.121271
0.121745
0.121888
0.122336
0.122675
0.123152
0.12332
0.123348
0.123529
0.12351
0.123742
0.12426
0.124585
0.124869
0.125108
0.125089
0.125422
0.125718
0.125975
0.126076
0.126489
0.126923
0.127362
0.127449
0.127599
0.127815
0.127923
0.128126
0.12826
0.128653
0.129102
0.129147
0.129486
0.129479
0.129855
0.130201
0.130618
0.131015
0.13141
0.132109
0.132423
0.13257
0.132949
0.133193
0.133471
0.133782
0.133977
0.134221
0.134187
0.134436
0.134818
0.135012
0.135318
0.135531
0.135616
0.135887
0.136441
0.136801
0.137193
0.137648
0.138014
0.138312
0.138337
0.138482
0.138584
0.138918
0.139096
0.139292
0.139594
0.139876
0.140083
0.140227
0.140514
0.140794
0.140948
0.14064
0.140401
0.140031
0.139715
0.139526
0.139377
0.139013
0.1387
0.138405
0.138088
0.137864
0.137791
0.137657
0.13758
0.137423
0.137313
0.137053
0.136834
0.136652
0.136536
0.136297
0.136114
0.135919
0.135784
0.135725
0.135589
0.135505
0.135384
0.135367
0.13529
0.135198
0.134959
0.134769
0.134668
0.134487
0.134524
0.134494
0.13439
0.134211
0.134055
0.133955
0.133833
0.133745
0.133592
0.13354
0.133468
0.133414
0.13343
0.133237
0.133097
0.132812
0.13267
0.132563
0.132396
0.132262
0.132063
0.131951
0.131928
0.131913
0.131808
0.131789
0.131706
0.131498
0.131533
0.131473
0.131404
0.131406
0.131471
0.131388
0.131321
0.131277
0.131219
0.131453
0.131314
0.131212
0.131079
0.130993
0.130913
0.130905
0.130819
0.130759
0.130619
0.130561
0.130548
0.130415
0.130355
0.130341
0.130354
0.130127
0.129977
0.129951
0.130137
0.129978
0.129796
0.129605
0.129528
0.129402
0.129286
0.129233
0.129231
0.129256
0.129255
0.129097
0.129066
0.1289
0.128766
0.128755
0.128678
0.128603
0.128678
0.128662
0.128557
0.128529
0.12853
0.128384
0.128361
0.128315
0.128196
0.128213
0.128179
0.128148
0.128062
0.127892
0.127796
0.12776
0.127685
0.127609
0.12761
0.127498
0.127493
0.127418
0.127359
0.127308
0.127347
0.127186
0.127235
0.12718
0.127181
0.127086
0.126948
