0.337143
0.328598
0.3175
0.314867
0.319619
0.314496
0.316748
0.313688
0.295262
0.295953
0.292733
0.291145
0.291643
0.294197
0.293276
0.293432
0.293738
0.292406
0.291816
0.292108
0.293407
0.295055
0.297211
0.298619
0.300782
0.302293
0.303565
0.305179
0.30638
0.307683
0.309502
0.311089
0.312049
0.311211
0.312331
0.312631
0.313979
0.31491
0.314948
0.315829
0.316792
0.316503
0.316748
0.316921
0.318046
0.318363
0.319289
0.319907
0.319275
0.320114
0.32023
0.321594
0.322755
0.323992
0.324975
0.32581
0.326205
0.326485
0.327264
0.326775
0.32722
0.327099
0.327824
0.328535
0.328864
0.329399
0.329436
0.329661
0.330264
0.330461
0.330653
0.330971
0.331574
0.331632
0.331241
0.331743
0.331895
0.332303
0.332717
0.332614
0.33281
0.333588
0.333501
0.333514
0.3341
0.33473
0.334859
0.335194
0.335317
0.335541
0.33558
0.335858
0.336068
0.335776
0.335891
0.335891
0.336243
0.335871
0.335807
0.335847
0.336147
0.336362
0.336309
0.336252
0.3364
0.336251
0.33642
0.336463
0.336329
0.33633
0.336218
0.336334
0.336723
0.336727
0.336946
0.337085
0.337255
0.337388
0.337728
0.337659
0.337608
0.337615
0.337636
0.337582
0.337442
0.337561
0.337678
0.337633
0.337659
0.33743
0.337579
0.337755
0.337892
0.338006
0.337882
0.337718
0.337524
0.337498
0.337362
0.337364
0.337125
0.337251
0.337388
0.33763
0.337775
0.337715
0.337716
0.33769
0.337645
0.337825
0.337913
0.337937
0.337898
0.337805
0.337496
0.33785
0.337981
0.338128
0.338301
0.338476
0.338941
0.338985
0.338899
0.338893
0.338934
0.338916
0.33896
0.338925
0.339133
0.339274
0.339069
0.339278
0.339085
0.339136
0.339165
0.339176
0.339271
0.339209
0.339303
0.339472
0.33955
0.339609
0.339646
0.339842
0.339928
0.339946
0.340121
0.340258
0.340247
0.340252
0.340116
0.340127
0.340173
0.340276
0.340228
0.340339
0.340484
0.340547
0.340502
0.340417
0.340467
0.340521
0.340701
0.340497
0.340344
0.340056
0.340234
0.340151
0.339984
0.340221
0.340232
0.340262
0.340376
0.340337
0.340287
0.340452
0.340443
0.340593
0.340602
0.340748
0.340583
0.34042
0.340275
0.34032
0.3403
0.340142
0.339942
0.340047
0.340234
0.34017
0.340144
0.340079
0.340009
0.34016
0.340001
0.339957
0.339775
0.339656
0.339457
0.33936
0.339411
0.33952
0.339378
0.339247
0.339197
0.339261
0.339221
0.339363
0.339204
0.339268
0.338913
0.338
0.337212
0.336206
0.335388
0.334618
0.333716
0.332846
0.331914
0.331089
0.331047
0.33068
0.329883
0.329076
0.328107
0.327241
0.326402
0.32587
0.325227
0.324407
0.323779
0.323162
0.322846
0.322617
0.322255
0.321896
0.321545
0.321223
0.320976
0.320769
0.320484
0.320367
0.319881
0.319289
0.3191
0.318918
0.318721
0.318598
0.318484
0.31829
0.318086
0.31783
0.31772
0.31749
0.317243
0.317126
0.31707
0.316859
0.316629
0.316506
0.316617
0.31607
0.315951
0.316116
0.316325
0.316328
0.316372
0.316435
0.316448
0.316582
0.31652
0.316538
0.316605
0.316579
0.316485
0.316455
0.316312
0.316242
0.316202
0.316126
0.316114
0.316295
0.316414
0.316305
0.316295
0.316243
0.316224
0.316322
0.316413
0.316401
0.316425
0.316463
0.316397
0.316255
0.315874
0.315671
0.315682
0.315761
0.315678
0.315024
0.314771
0.314555
0.314275
0.314084
0.313639
0.313058
0.312773
0.312573
0.312428
0.312262
0.311964
0.311772
0.311494
0.311286
0.311012
0.310573
0.310343
0.310191
0.309979
0.309811
0.309794
0.309784
0.309713
0.309678
0.309478
0.30929
0.309193
0.309181
0.309218
0.309162
0.309304
0.309446
0.30956
0.309714
0.309774
0.309916
0.310114
0.310222
0.310257
0.310392
0.310544
0.310618
0.310735
0.310731
0.310861
0.311051
0.311024
0.311125
0.311245
0.311297
0.311326
